Main
dumpInside
len(self.queuesDict) > 0
[4, 8, 14, 9, 10, 1, 5, 12, 16, 15, 7, 19, 13, 18, 2, 6, 11, 20, 17, 3] [4, 14, 8, 9, 10, 1, 5, 12, 16, 15, 7, 19, 13, 18, 2, 6, 11, 20, 17, 3] [1, 14, 8, 9, 10, 4, 5, 12, 16, 15, 7, 19, 13, 18, 2, 6, 11, 20, 17, 3]
[4, 8, 9, 14, 10, 1, 5, 12, 16, 15, 7, 19, 13, 18, 2, 6, 11, 20, 17, 3] [4, 8, 14, 9, 10, 1, 5, 12, 16, 15, 7, 19, 13, 18, 2, 6, 11, 20, 17, 3] [1, 2, 8, 9, 10, 4, 5, 12, 16, 15, 7, 19, 13, 18, 14, 6, 11, 20, 17, 3]
[4, 8, 9, 10, 14, 1, 5, 12, 16, 15, 7, 19, 13, 18, 2, 6, 11, 20, 17, 3] [4, 8, 9, 14, 10, 1, 5, 12, 16, 15, 7, 19, 13, 18, 2, 6, 11, 20, 17, 3] [1, 2, 3, 9, 10, 4, 5, 12, 16, 15, 7, 19, 13, 18, 14, 6, 11, 20, 17, 8]
[4, 8, 9, 10, 1, 14, 5, 12, 16, 15, 7, 19, 13, 18, 2, 6, 11, 20, 17, 3] [4, 8, 9, 10, 14, 1, 5, 12, 16, 15, 7, 19, 13, 18, 2, 6, 11, 20, 17, 3] [1, 2, 3, 4, 10, 9, 5, 12, 16, 15, 7, 19, 13, 18, 14, 6, 11, 20, 17, 8]
[4, 8, 9, 10, 1, 5, 14, 12, 16, 15, 7, 19, 13, 18, 2, 6, 11, 20, 17, 3] [1, 4, 8, 9, 10, 14, 5, 12, 16, 15, 7, 19, 13, 18, 2, 6, 11, 20, 17, 3] [1, 2, 3, 4, 5, 9, 10, 12, 16, 15, 7, 19, 13, 18, 14, 6, 11, 20, 17, 8]
[4, 8, 9, 10, 1, 5, 12, 14, 16, 15, 7, 19, 13, 18, 2, 6, 11, 20, 17, 3] [1, 4, 5, 8, 9, 10, 14, 12, 16, 15, 7, 19, 13, 18, 2, 6, 11, 20, 17, 3] [1, 2, 3, 4, 5, 6, 10, 12, 16, 15, 7, 19, 13, 18, 14, 9, 11, 20, 17, 8]
[4, 8, 9, 10, 1, 5, 12, 14, 15, 16, 7, 19, 13, 18, 2, 6, 11, 20, 17, 3] [1, 4, 5, 8, 9, 10, 12, 14, 16, 15, 7, 19, 13, 18, 2, 6, 11, 20, 17, 3] [1, 2, 3, 4, 5, 6, 7, 12, 16, 15, 10, 19, 13, 18, 14, 9, 11, 20, 17, 8]
[4, 8, 9, 10, 1, 5, 12, 14, 15, 7, 16, 19, 13, 18, 2, 6, 11, 20, 17, 3] [1, 4, 5, 8, 9, 10, 12, 14, 16, 15, 7, 19, 13, 18, 2, 6, 11, 20, 17, 3] [1, 2, 3, 4, 5, 6, 7, 8, 16, 15, 10, 19, 13, 18, 14, 9, 11, 20, 17, 12]
[4, 8, 9, 10, 1, 5, 12, 14, 15, 7, 16, 13, 19, 18, 2, 6, 11, 20, 17, 3] [1, 4, 5, 8, 9, 10, 12, 14, 15, 16, 7, 19, 13, 18, 2, 6, 11, 20, 17, 3] [1, 2, 3, 4, 5, 6, 7, 8, 9, 15, 10, 19, 13, 18, 14, 16, 11, 20, 17, 12]
[4, 8, 9, 10, 1, 5, 12, 14, 15, 7, 16, 13, 18, 19, 2, 6, 11, 20, 17, 3] [1, 4, 5, 7, 8, 9, 10, 12, 14, 15, 16, 19, 13, 18, 2, 6, 11, 20, 17, 3] [1, 2, 3, 4, 5, 6, 7, 8, 9, 10, 15, 19, 13, 18, 14, 16, 11, 20, 17, 12]
[4, 8, 9, 10, 1, 5, 12, 14, 15, 7, 16, 13, 18, 2, 19, 6, 11, 20, 17, 3] [1, 4, 5, 7, 8, 9, 10, 12, 14, 15, 16, 19, 13, 18, 2, 6, 11, 20, 17, 3] [1, 2, 3, 4, 5, 6, 7, 8, 9, 10, 11, 19, 13, 18, 14, 16, 15, 20, 17, 12]
[4, 8, 9, 10, 1, 5, 12, 14, 15, 7, 16, 13, 18, 2, 6, 19, 11, 20, 17, 3] [1, 4, 5, 7, 8, 9, 10, 12, 13, 14, 15, 16, 19, 18, 2, 6, 11, 20, 17, 3] [1, 2, 3, 4, 5, 6, 7, 8, 9, 10, 11, 12, 13, 18, 14, 16, 15, 20, 17, 19]
[4, 8, 9, 10, 1, 5, 12, 14, 15, 7, 16, 13, 18, 2, 6, 11, 19, 20, 17, 3] [1, 4, 5, 7, 8, 9, 10, 12, 13, 14, 15, 16, 18, 19, 2, 6, 11, 20, 17, 3] [1, 2, 3, 4, 5, 6, 7, 8, 9, 10, 11, 12, 13, 18, 14, 16, 15, 20, 17, 19]
[4, 8, 9, 10, 1, 5, 12, 14, 15, 7, 16, 13, 18, 2, 6, 11, 19, 17, 20, 3] [1, 2, 4, 5, 7, 8, 9, 10, 12, 13, 14, 15, 16, 18, 19, 6, 11, 20, 17, 3] [1, 2, 3, 4, 5, 6, 7, 8, 9, 10, 11, 12, 13, 14, 18, 16, 15, 20, 17, 19]
[4, 8, 9, 10, 1, 5, 12, 14, 15, 7, 16, 13, 18, 2, 6, 11, 19, 17, 3, 20] [1, 2, 4, 5, 6, 7, 8, 9, 10, 12, 13, 14, 15, 16, 18, 19, 11, 20, 17, 3] [1, 2, 3, 4, 5, 6, 7, 8, 9, 10, 11, 12, 13, 14, 15, 16, 18, 20, 17, 19]
[4, 8, 9, 1, 10, 5, 12, 14, 15, 7, 16, 13, 18, 2, 6, 11, 19, 17, 3, 20] [1, 2, 4, 5, 6, 7, 8, 9, 10, 11, 12, 13, 14, 15, 16, 18, 19, 20, 17, 3] [1, 2, 3, 4, 5, 6, 7, 8, 9, 10, 11, 12, 13, 14, 15, 16, 18, 20, 17, 19]
[4, 8, 9, 1, 5, 10, 12, 14, 15, 7, 16, 13, 18, 2, 6, 11, 19, 17, 3, 20] [1, 2, 4, 5, 6, 7, 8, 9, 10, 11, 12, 13, 14, 15, 16, 18, 19, 20, 17, 3] [1, 2, 3, 4, 5, 6, 7, 8, 9, 10, 11, 12, 13, 14, 15, 16, 17, 20, 18, 19]
[4, 8, 9, 1, 5, 10, 12, 14, 7, 15, 16, 13, 18, 2, 6, 11, 19, 17, 3, 20] [1, 2, 4, 5, 6, 7, 8, 9, 10, 11, 12, 13, 14, 15, 16, 17, 18, 19, 20, 3] [1, 2, 3, 4, 5, 6, 7, 8, 9, 10, 11, 12, 13, 14, 15, 16, 17, 18, 20, 19]
[4, 8, 9, 1, 5, 10, 12, 14, 7, 15, 13, 16, 18, 2, 6, 11, 19, 17, 3, 20] [1, 2, 3, 4, 5, 6, 7, 8, 9, 10, 11, 12, 13, 14, 15, 16, 17, 18, 19, 20] [1, 2, 3, 4, 5, 6, 7, 8, 9, 10, 11, 12, 13, 14, 15, 16, 17, 18, 19, 20]
[4, 8, 9, 1, 5, 10, 12, 14, 7, 15, 13, 16, 2, 18, 6, 11, 19, 17, 3, 20] [1, 2, 3, 4, 5, 6, 7, 8, 9, 10, 11, 12, 13, 14, 15, 16, 17, 18, 19, 20] [1, 2, 3, 4, 5, 6, 7, 8, 9, 10, 11, 12, 13, 14, 15, 16, 17, 18, 19, 20]
[4, 8, 9, 1, 5, 10, 12, 14, 7, 15, 13, 16, 2, 6, 18, 11, 19, 17, 3, 20] [1, 2, 3, 4, 5, 6, 7, 8, 9, 10, 11, 12, 13, 14, 15, 16, 17, 18, 19, 20] [1, 2, 3, 4, 5, 6, 7, 8, 9, 10, 11, 12, 13, 14, 15, 16, 17, 18, 19, 20]
[4, 8, 9, 1, 5, 10, 12, 14, 7, 15, 13, 16, 2, 6, 11, 18, 19, 17, 3, 20] [1, 2, 3, 4, 5, 6, 7, 8, 9, 10, 11, 12, 13, 14, 15, 16, 17, 18, 19, 20] [1, 2, 3, 4, 5, 6, 7, 8, 9, 10, 11, 12, 13, 14, 15, 16, 17, 18, 19, 20]
[4, 8, 9, 1, 5, 10, 12, 14, 7, 15, 13, 16, 2, 6, 11, 18, 17, 19, 3, 20] [1, 2, 3, 4, 5, 6, 7, 8, 9, 10, 11, 12, 13, 14, 15, 16, 17, 18, 19, 20] [1, 2, 3, 4, 5, 6, 7, 8, 9, 10, 11, 12, 13, 14, 15, 16, 17, 18, 19, 20]
[4, 8, 9, 1, 5, 10, 12, 14, 7, 15, 13, 16, 2, 6, 11, 18, 17, 3, 19, 20] [1, 2, 3, 4, 5, 6, 7, 8, 9, 10, 11, 12, 13, 14, 15, 16, 17, 18, 19, 20] [1, 2, 3, 4, 5, 6, 7, 8, 9, 10, 11, 12, 13, 14, 15, 16, 17, 18, 19, 20]
[4, 8, 1, 9, 5, 10, 12, 14, 7, 15, 13, 16, 2, 6, 11, 18, 17, 3, 19, 20] [1, 2, 3, 4, 5, 6, 7, 8, 9, 10, 11, 12, 13, 14, 15, 16, 17, 18, 19, 20] [1, 2, 3, 4, 5, 6, 7, 8, 9, 10, 11, 12, 13, 14, 15, 16, 17, 18, 19, 20]
[4, 8, 1, 5, 9, 10, 12, 14, 7, 15, 13, 16, 2, 6, 11, 18, 17, 3, 19, 20] [1, 2, 3, 4, 5, 6, 7, 8, 9, 10, 11, 12, 13, 14, 15, 16, 17, 18, 19, 20] [1, 2, 3, 4, 5, 6, 7, 8, 9, 10, 11, 12, 13, 14, 15, 16, 17, 18, 19, 20]
[4, 8, 1, 5, 9, 10, 12, 7, 14, 15, 13, 16, 2, 6, 11, 18, 17, 3, 19, 20] [1, 2, 3, 4, 5, 6, 7, 8, 9, 10, 11, 12, 13, 14, 15, 16, 17, 18, 19, 20] [1, 2, 3, 4, 5, 6, 7, 8, 9, 10, 11, 12, 13, 14, 15, 16, 17, 18, 19, 20]
[4, 8, 1, 5, 9, 10, 12, 7, 14, 13, 15, 16, 2, 6, 11, 18, 17, 3, 19, 20] [1, 2, 3, 4, 5, 6, 7, 8, 9, 10, 11, 12, 13, 14, 15, 16, 17, 18, 19, 20] [1, 2, 3, 4, 5, 6, 7, 8, 9, 10, 11, 12, 13, 14, 15, 16, 17, 18, 19, 20]
[4, 8, 1, 5, 9, 10, 12, 7, 14, 13, 15, 2, 16, 6, 11, 18, 17, 3, 19, 20] [1, 2, 3, 4, 5, 6, 7, 8, 9, 10, 11, 12, 13, 14, 15, 16, 17, 18, 19, 20] [1, 2, 3, 4, 5, 6, 7, 8, 9, 10, 11, 12, 13, 14, 15, 16, 17, 18, 19, 20]
[4, 8, 1, 5, 9, 10, 12, 7, 14, 13, 15, 2, 6, 16, 11, 18, 17, 3, 19, 20] [1, 2, 3, 4, 5, 6, 7, 8, 9, 10, 11, 12, 13, 14, 15, 16, 17, 18, 19, 20] [1, 2, 3, 4, 5, 6, 7, 8, 9, 10, 11, 12, 13, 14, 15, 16, 17, 18, 19, 20]
[4, 8, 1, 5, 9, 10, 12, 7, 14, 13, 15, 2, 6, 11, 16, 18, 17, 3, 19, 20] [1, 2, 3, 4, 5, 6, 7, 8, 9, 10, 11, 12, 13, 14, 15, 16, 17, 18, 19, 20] [1, 2, 3, 4, 5, 6, 7, 8, 9, 10, 11, 12, 13, 14, 15, 16, 17, 18, 19, 20]
[4, 8, 1, 5, 9, 10, 12, 7, 14, 13, 15, 2, 6, 11, 16, 17, 18, 3, 19, 20] [1, 2, 3, 4, 5, 6, 7, 8, 9, 10, 11, 12, 13, 14, 15, 16, 17, 18, 19, 20] [1, 2, 3, 4, 5, 6, 7, 8, 9, 10, 11, 12, 13, 14, 15, 16, 17, 18, 19, 20]
[4, 8, 1, 5, 9, 10, 12, 7, 14, 13, 15, 2, 6, 11, 16, 17, 3, 18, 19, 20] [1, 2, 3, 4, 5, 6, 7, 8, 9, 10, 11, 12, 13, 14, 15, 16, 17, 18, 19, 20] [1, 2, 3, 4, 5, 6, 7, 8, 9, 10, 11, 12, 13, 14, 15, 16, 17, 18, 19, 20]
[4, 1, 8, 5, 9, 10, 12, 7, 14, 13, 15, 2, 6, 11, 16, 17, 3, 18, 19, 20] [1, 2, 3, 4, 5, 6, 7, 8, 9, 10, 11, 12, 13, 14, 15, 16, 17, 18, 19, 20] [1, 2, 3, 4, 5, 6, 7, 8, 9, 10, 11, 12, 13, 14, 15, 16, 17, 18, 19, 20]
[4, 1, 5, 8, 9, 10, 12, 7, 14, 13, 15, 2, 6, 11, 16, 17, 3, 18, 19, 20] [1, 2, 3, 4, 5, 6, 7, 8, 9, 10, 11, 12, 13, 14, 15, 16, 17, 18, 19, 20] [1, 2, 3, 4, 5, 6, 7, 8, 9, 10, 11, 12, 13, 14, 15, 16, 17, 18, 19, 20]
[4, 1, 5, 8, 9, 10, 7, 12, 14, 13, 15, 2, 6, 11, 16, 17, 3, 18, 19, 20] [1, 2, 3, 4, 5, 6, 7, 8, 9, 10, 11, 12, 13, 14, 15, 16, 17, 18, 19, 20] [1, 2, 3, 4, 5, 6, 7, 8, 9, 10, 11, 12, 13, 14, 15, 16, 17, 18, 19, 20]
[4, 1, 5, 8, 9, 10, 7, 12, 13, 14, 15, 2, 6, 11, 16, 17, 3, 18, 19, 20] [1, 2, 3, 4, 5, 6, 7, 8, 9, 10, 11, 12, 13, 14, 15, 16, 17, 18, 19, 20] [1, 2, 3, 4, 5, 6, 7, 8, 9, 10, 11, 12, 13, 14, 15, 16, 17, 18, 19, 20]
[4, 1, 5, 8, 9, 10, 7, 12, 13, 14, 2, 15, 6, 11, 16, 17, 3, 18, 19, 20] [1, 2, 3, 4, 5, 6, 7, 8, 9, 10, 11, 12, 13, 14, 15, 16, 17, 18, 19, 20] [1, 2, 3, 4, 5, 6, 7, 8, 9, 10, 11, 12, 13, 14, 15, 16, 17, 18, 19, 20]
[4, 1, 5, 8, 9, 10, 7, 12, 13, 14, 2, 6, 15, 11, 16, 17, 3, 18, 19, 20] [1, 2, 3, 4, 5, 6, 7, 8, 9, 10, 11, 12, 13, 14, 15, 16, 17, 18, 19, 20] [1, 2, 3, 4, 5, 6, 7, 8, 9, 10, 11, 12, 13, 14, 15, 16, 17, 18, 19, 20]
[4, 1, 5, 8, 9, 10, 7, 12, 13, 14, 2, 6, 11, 15, 16, 17, 3, 18, 19, 20] [1, 2, 3, 4, 5, 6, 7, 8, 9, 10, 11, 12, 13, 14, 15, 16, 17, 18, 19, 20] [1, 2, 3, 4, 5, 6, 7, 8, 9, 10, 11, 12, 13, 14, 15, 16, 17, 18, 19, 20]
[4, 1, 5, 8, 9, 10, 7, 12, 13, 14, 2, 6, 11, 15, 16, 3, 17, 18, 19, 20] [1, 2, 3, 4, 5, 6, 7, 8, 9, 10, 11, 12, 13, 14, 15, 16, 17, 18, 19, 20] [1, 2, 3, 4, 5, 6, 7, 8, 9, 10, 11, 12, 13, 14, 15, 16, 17, 18, 19, 20]
[1, 4, 5, 8, 9, 10, 7, 12, 13, 14, 2, 6, 11, 15, 16, 3, 17, 18, 19, 20] [1, 2, 3, 4, 5, 6, 7, 8, 9, 10, 11, 12, 13, 14, 15, 16, 17, 18, 19, 20] [1, 2, 3, 4, 5, 6, 7, 8, 9, 10, 11, 12, 13, 14, 15, 16, 17, 18, 19, 20]
[1, 4, 5, 8, 9, 7, 10, 12, 13, 14, 2, 6, 11, 15, 16, 3, 17, 18, 19, 20] [1, 2, 3, 4, 5, 6, 7, 8, 9, 10, 11, 12, 13, 14, 15, 16, 17, 18, 19, 20] [1, 2, 3, 4, 5, 6, 7, 8, 9, 10, 11, 12, 13, 14, 15, 16, 17, 18, 19, 20]
[1, 4, 5, 8, 9, 7, 10, 12, 13, 2, 14, 6, 11, 15, 16, 3, 17, 18, 19, 20] [1, 2, 3, 4, 5, 6, 7, 8, 9, 10, 11, 12, 13, 14, 15, 16, 17, 18, 19, 20] [1, 2, 3, 4, 5, 6, 7, 8, 9, 10, 11, 12, 13, 14, 15, 16, 17, 18, 19, 20]
[1, 4, 5, 8, 9, 7, 10, 12, 13, 2, 6, 14, 11, 15, 16, 3, 17, 18, 19, 20] [1, 2, 3, 4, 5, 6, 7, 8, 9, 10, 11, 12, 13, 14, 15, 16, 17, 18, 19, 20] [1, 2, 3, 4, 5, 6, 7, 8, 9, 10, 11, 12, 13, 14, 15, 16, 17, 18, 19, 20]
[1, 4, 5, 8, 9, 7, 10, 12, 13, 2, 6, 11, 14, 15, 16, 3, 17, 18, 19, 20] [1, 2, 3, 4, 5, 6, 7, 8, 9, 10, 11, 12, 13, 14, 15, 16, 17, 18, 19, 20] [1, 2, 3, 4, 5, 6, 7, 8, 9, 10, 11, 12, 13, 14, 15, 16, 17, 18, 19, 20]
[1, 4, 5, 8, 9, 7, 10, 12, 13, 2, 6, 11, 14, 15, 3, 16, 17, 18, 19, 20] [1, 2, 3, 4, 5, 6, 7, 8, 9, 10, 11, 12, 13, 14, 15, 16, 17, 18, 19, 20] [1, 2, 3, 4, 5, 6, 7, 8, 9, 10, 11, 12, 13, 14, 15, 16, 17, 18, 19, 20]
[1, 4, 5, 8, 7, 9, 10, 12, 13, 2, 6, 11, 14, 15, 3, 16, 17, 18, 19, 20] [1, 2, 3, 4, 5, 6, 7, 8, 9, 10, 11, 12, 13, 14, 15, 16, 17, 18, 19, 20] [1, 2, 3, 4, 5, 6, 7, 8, 9, 10, 11, 12, 13, 14, 15, 16, 17, 18, 19, 20]
[1, 4, 5, 8, 7, 9, 10, 12, 2, 13, 6, 11, 14, 15, 3, 16, 17, 18, 19, 20] [1, 2, 3, 4, 5, 6, 7, 8, 9, 10, 11, 12, 13, 14, 15, 16, 17, 18, 19, 20] [1, 2, 3, 4, 5, 6, 7, 8, 9, 10, 11, 12, 13, 14, 15, 16, 17, 18, 19, 20]
[1, 4, 5, 8, 7, 9, 10, 12, 2, 6, 13, 11, 14, 15, 3, 16, 17, 18, 19, 20] [1, 2, 3, 4, 5, 6, 7, 8, 9, 10, 11, 12, 13, 14, 15, 16, 17, 18, 19, 20] [1, 2, 3, 4, 5, 6, 7, 8, 9, 10, 11, 12, 13, 14, 15, 16, 17, 18, 19, 20]
[1, 4, 5, 8, 7, 9, 10, 12, 2, 6, 11, 13, 14, 15, 3, 16, 17, 18, 19, 20] [1, 2, 3, 4, 5, 6, 7, 8, 9, 10, 11, 12, 13, 14, 15, 16, 17, 18, 19, 20] [1, 2, 3, 4, 5, 6, 7, 8, 9, 10, 11, 12, 13, 14, 15, 16, 17, 18, 19, 20]
[1, 4, 5, 8, 7, 9, 10, 12, 2, 6, 11, 13, 14, 3, 15, 16, 17, 18, 19, 20] [1, 2, 3, 4, 5, 6, 7, 8, 9, 10, 11, 12, 13, 14, 15, 16, 17, 18, 19, 20] [1, 2, 3, 4, 5, 6, 7, 8, 9, 10, 11, 12, 13, 14, 15, 16, 17, 18, 19, 20]
[1, 4, 5, 7, 8, 9, 10, 12, 2, 6, 11, 13, 14, 3, 15, 16, 17, 18, 19, 20] [1, 2, 3, 4, 5, 6, 7, 8, 9, 10, 11, 12, 13, 14, 15, 16, 17, 18, 19, 20] [1, 2, 3, 4, 5, 6, 7, 8, 9, 10, 11, 12, 13, 14, 15, 16, 17, 18, 19, 20]
[1, 4, 5, 7, 8, 9, 10, 2, 12, 6, 11, 13, 14, 3, 15, 16, 17, 18, 19, 20] [1, 2, 3, 4, 5, 6, 7, 8, 9, 10, 11, 12, 13, 14, 15, 16, 17, 18, 19, 20] [1, 2, 3, 4, 5, 6, 7, 8, 9, 10, 11, 12, 13, 14, 15, 16, 17, 18, 19, 20]
[1, 4, 5, 7, 8, 9, 10, 2, 6, 12, 11, 13, 14, 3, 15, 16, 17, 18, 19, 20] [1, 2, 3, 4, 5, 6, 7, 8, 9, 10, 11, 12, 13, 14, 15, 16, 17, 18, 19, 20] [1, 2, 3, 4, 5, 6, 7, 8, 9, 10, 11, 12, 13, 14, 15, 16, 17, 18, 19, 20]
[1, 4, 5, 7, 8, 9, 10, 2, 6, 11, 12, 13, 14, 3, 15, 16, 17, 18, 19, 20] [1, 2, 3, 4, 5, 6, 7, 8, 9, 10, 11, 12, 13, 14, 15, 16, 17, 18, 19, 20] [1, 2, 3, 4, 5, 6, 7, 8, 9, 10, 11, 12, 13, 14, 15, 16, 17, 18, 19, 20]
[1, 4, 5, 7, 8, 9, 10, 2, 6, 11, 12, 13, 3, 14, 15, 16, 17, 18, 19, 20] [1, 2, 3, 4, 5, 6, 7, 8, 9, 10, 11, 12, 13, 14, 15, 16, 17, 18, 19, 20] [1, 2, 3, 4, 5, 6, 7, 8, 9, 10, 11, 12, 13, 14, 15, 16, 17, 18, 19, 20]
[1, 4, 5, 7, 8, 9, 2, 10, 6, 11, 12, 13, 3, 14, 15, 16, 17, 18, 19, 20] [1, 2, 3, 4, 5, 6, 7, 8, 9, 10, 11, 12, 13, 14, 15, 16, 17, 18, 19, 20] [1, 2, 3, 4, 5, 6, 7, 8, 9, 10, 11, 12, 13, 14, 15, 16, 17, 18, 19, 20]
[1, 4, 5, 7, 8, 9, 2, 6, 10, 11, 12, 13, 3, 14, 15, 16, 17, 18, 19, 20] [1, 2, 3, 4, 5, 6, 7, 8, 9, 10, 11, 12, 13, 14, 15, 16, 17, 18, 19, 20] [1, 2, 3, 4, 5, 6, 7, 8, 9, 10, 11, 12, 13, 14, 15, 16, 17, 18, 19, 20]
[1, 4, 5, 7, 8, 9, 2, 6, 10, 11, 12, 3, 13, 14, 15, 16, 17, 18, 19, 20] [1, 2, 3, 4, 5, 6, 7, 8, 9, 10, 11, 12, 13, 14, 15, 16, 17, 18, 19, 20] [1, 2, 3, 4, 5, 6, 7, 8, 9, 10, 11, 12, 13, 14, 15, 16, 17, 18, 19, 20]
[1, 4, 5, 7, 8, 2, 9, 6, 10, 11, 12, 3, 13, 14, 15, 16, 17, 18, 19, 20] [1, 2, 3, 4, 5, 6, 7, 8, 9, 10, 11, 12, 13, 14, 15, 16, 17, 18, 19, 20] [1, 2, 3, 4, 5, 6, 7, 8, 9, 10, 11, 12, 13, 14, 15, 16, 17, 18, 19, 20]
[1, 4, 5, 7, 8, 2, 6, 9, 10, 11, 12, 3, 13, 14, 15, 16, 17, 18, 19, 20] [1, 2, 3, 4, 5, 6, 7, 8, 9, 10, 11, 12, 13, 14, 15, 16, 17, 18, 19, 20] [1, 2, 3, 4, 5, 6, 7, 8, 9, 10, 11, 12, 13, 14, 15, 16, 17, 18, 19, 20]
[1, 4, 5, 7, 8, 2, 6, 9, 10, 11, 3, 12, 13, 14, 15, 16, 17, 18, 19, 20] [1, 2, 3, 4, 5, 6, 7, 8, 9, 10, 11, 12, 13, 14, 15, 16, 17, 18, 19, 20] [1, 2, 3, 4, 5, 6, 7, 8, 9, 10, 11, 12, 13, 14, 15, 16, 17, 18, 19, 20]
[1, 4, 5, 7, 2, 8, 6, 9, 10, 11, 3, 12, 13, 14, 15, 16, 17, 18, 19, 20] [1, 2, 3, 4, 5, 6, 7, 8, 9, 10, 11, 12, 13, 14, 15, 16, 17, 18, 19, 20] [1, 2, 3, 4, 5, 6, 7, 8, 9, 10, 11, 12, 13, 14, 15, 16, 17, 18, 19, 20]
[1, 4, 5, 7, 2, 6, 8, 9, 10, 11, 3, 12, 13, 14, 15, 16, 17, 18, 19, 20] [1, 2, 3, 4, 5, 6, 7, 8, 9, 10, 11, 12, 13, 14, 15, 16, 17, 18, 19, 20] [1, 2, 3, 4, 5, 6, 7, 8, 9, 10, 11, 12, 13, 14, 15, 16, 17, 18, 19, 20]
[1, 4, 5, 7, 2, 6, 8, 9, 10, 3, 11, 12, 13, 14, 15, 16, 17, 18, 19, 20] [1, 2, 3, 4, 5, 6, 7, 8, 9, 10, 11, 12, 13, 14, 15, 16, 17, 18, 19, 20] [1, 2, 3, 4, 5, 6, 7, 8, 9, 10, 11, 12, 13, 14, 15, 16, 17, 18, 19, 20]
[1, 4, 5, 2, 7, 6, 8, 9, 10, 3, 11, 12, 13, 14, 15, 16, 17, 18, 19, 20] [1, 2, 3, 4, 5, 6, 7, 8, 9, 10, 11, 12, 13, 14, 15, 16, 17, 18, 19, 20] [1, 2, 3, 4, 5, 6, 7, 8, 9, 10, 11, 12, 13, 14, 15, 16, 17, 18, 19, 20]
[1, 4, 5, 2, 6, 7, 8, 9, 10, 3, 11, 12, 13, 14, 15, 16, 17, 18, 19, 20] [1, 2, 3, 4, 5, 6, 7, 8, 9, 10, 11, 12, 13, 14, 15, 16, 17, 18, 19, 20] [1, 2, 3, 4, 5, 6, 7, 8, 9, 10, 11, 12, 13, 14, 15, 16, 17, 18, 19, 20]
[1, 4, 5, 2, 6, 7, 8, 9, 3, 10, 11, 12, 13, 14, 15, 16, 17, 18, 19, 20] [1, 2, 3, 4, 5, 6, 7, 8, 9, 10, 11, 12, 13, 14, 15, 16, 17, 18, 19, 20] [1, 2, 3, 4, 5, 6, 7, 8, 9, 10, 11, 12, 13, 14, 15, 16, 17, 18, 19, 20]
[1, 4, 2, 5, 6, 7, 8, 9, 3, 10, 11, 12, 13, 14, 15, 16, 17, 18, 19, 20] [1, 2, 3, 4, 5, 6, 7, 8, 9, 10, 11, 12, 13, 14, 15, 16, 17, 18, 19, 20] [1, 2, 3, 4, 5, 6, 7, 8, 9, 10, 11, 12, 13, 14, 15, 16, 17, 18, 19, 20]
[1, 4, 2, 5, 6, 7, 8, 3, 9, 10, 11, 12, 13, 14, 15, 16, 17, 18, 19, 20] [1, 2, 3, 4, 5, 6, 7, 8, 9, 10, 11, 12, 13, 14, 15, 16, 17, 18, 19, 20] [1, 2, 3, 4, 5, 6, 7, 8, 9, 10, 11, 12, 13, 14, 15, 16, 17, 18, 19, 20]
[1, 2, 4, 5, 6, 7, 8, 3, 9, 10, 11, 12, 13, 14, 15, 16, 17, 18, 19, 20] [1, 2, 3, 4, 5, 6, 7, 8, 9, 10, 11, 12, 13, 14, 15, 16, 17, 18, 19, 20] [1, 2, 3, 4, 5, 6, 7, 8, 9, 10, 11, 12, 13, 14, 15, 16, 17, 18, 19, 20]
[1, 2, 4, 5, 6, 7, 3, 8, 9, 10, 11, 12, 13, 14, 15, 16, 17, 18, 19, 20] [1, 2, 3, 4, 5, 6, 7, 8, 9, 10, 11, 12, 13, 14, 15, 16, 17, 18, 19, 20] [1, 2, 3, 4, 5, 6, 7, 8, 9, 10, 11, 12, 13, 14, 15, 16, 17, 18, 19, 20]
[1, 2, 4, 5, 6, 3, 7, 8, 9, 10, 11, 12, 13, 14, 15, 16, 17, 18, 19, 20] [1, 2, 3, 4, 5, 6, 7, 8, 9, 10, 11, 12, 13, 14, 15, 16, 17, 18, 19, 20] [1, 2, 3, 4, 5, 6, 7, 8, 9, 10, 11, 12, 13, 14, 15, 16, 17, 18, 19, 20]
[1, 2, 4, 5, 3, 6, 7, 8, 9, 10, 11, 12, 13, 14, 15, 16, 17, 18, 19, 20] [1, 2, 3, 4, 5, 6, 7, 8, 9, 10, 11, 12, 13, 14, 15, 16, 17, 18, 19, 20] [1, 2, 3, 4, 5, 6, 7, 8, 9, 10, 11, 12, 13, 14, 15, 16, 17, 18, 19, 20]
[1, 2, 4, 3, 5, 6, 7, 8, 9, 10, 11, 12, 13, 14, 15, 16, 17, 18, 19, 20] [1, 2, 3, 4, 5, 6, 7, 8, 9, 10, 11, 12, 13, 14, 15, 16, 17, 18, 19, 20] [1, 2, 3, 4, 5, 6, 7, 8, 9, 10, 11, 12, 13, 14, 15, 16, 17, 18, 19, 20]
[1, 2, 3, 4, 5, 6, 7, 8, 9, 10, 11, 12, 13, 14, 15, 16, 17, 18, 19, 20] [1, 2, 3, 4, 5, 6, 7, 8, 9, 10, 11, 12, 13, 14, 15, 16, 17, 18, 19, 20] [1, 2, 3, 4, 5, 6, 7, 8, 9, 10, 11, 12, 13, 14, 15, 16, 17, 18, 19, 20]
stepLogger.dump()
